image: realHOUSE_explored.pgm
resolution: 0.100000
origin: [4.443026, -9.817444, 0.000000]
negate: 0
occupied_thresh: 0.65
free_thresh: 0.196

